0|1,0.3,0|L 12|B 13
1|1.6,0.3,0|L 26|B 12
2|0.4,0.9,0|L 0|B 16
3|1,0.9,0|L 13|B 15
4|1.6,0.9,0|L 27|B 14
5|0.4,1.5,0|L 1|B 19
6|1,1.5,0|L 14|B 18
7|1.6,1.5,0|L 28|B 17
8|0.4,2.1,0|L 2
9|1,2.1,0|L 15
10|1.6,2.1,0|L 29
11|0.4,2.7,0|L 3
12|1,2.7,0|L 16
13|1.6,2.7,0|L 30
14|0.4,3.3,0|L 4
15|1,3.3,0|L 17
16|1.6,3.3,0|L 31
17|0.4,3.9,0|L 5
18|1,3.9,0|L 18
19|1.6,3.9,0|L 32
20|0.4,4.5,0|L 6
21|1,4.5,0|L 19
22|1.6,4.5,0|L 33
23|0.4,5.1,0|L 7
24|1,5.1,0|L 20
25|1.6,5.1,0|L 34
26|0.4,5.7,0|L 8
27|1,5.7,0|L 21
28|1.6,5.7,0|L 35
29|0.4,6.3,0|L 9
30|1,6.3,0|L 22
31|1.6,6.3,0|L 36
32|0.4,6.9,0|L 10|F 5
33|1,6.9,0|L 23|F 6
34|1.6,6.9,0|L 37|F 7
35|0.4,7.5,0|L 11|F 2
36|1,7.5,0|L 24|F 3
37|1.6,7.5,0|L 38|F 4
38|1,8.1,0|L 25|F 0
39|1.6,8.1,0|L 39|F 1
40|2.5,7.5,0|F 8
41|3.1,7.5,0|F 9
42|2.5,6.9,0|F 10
43|3.1,6.9,0|F 11
44|4,8.1,0|R 26|F 12
45|4.6,8.1,0|R 12|F 13
46|4,7.5,0|R 27|F 14
47|4.6,7.5,0|R 13|F 15
48|5.2,7.5,0|R 0|F 16
49|4,6.9,0|R 28|F 17
50|4.6,6.9,0|R 14|F 18
51|5.2,6.9,0|R 1|F 19
52|4,6.3,0|R 29
53|4.6,6.3,0|R 15
54|5.2,6.3,0|R 2
55|4,5.7,0|R 30
56|4.6,5.7,0|R 16
57|5.2,5.7,0|R 3
58|4,5.1,0|R 31
59|4.6,5.1,0|R 17
60|5.2,5.1,0|R 4
61|4,4.5,0|R 32
62|4.6,4.5,0|R 18
63|5.2,4.5,0|R 5
64|4,3.9,0|R 33
65|4.6,3.9,0|R 19
66|5.2,3.9,0|R 6
67|4,3.3,0|R 34
68|4.6,3.3,0|R 20
69|5.2,3.3,0|R 7
70|4,2.7,0|R 35
71|4.6,2.7,0|R 21
72|5.2,2.7,0|R 8
73|4,2.1,0|R 36
74|4.6,2.1,0|R 22
75|5.2,2.1,0|R 9
76|4,1.5,0|R 37|B 7
77|4.6,1.5,0|R 23|B 6
78|5.2,1.5,0|R 10|B 5
79|4,0.9,0|R 38|B 4
80|4.6,0.9,0|R 24|B 3
81|5.2,0.9,0|R 11|B 2
82|4,0.3,0|R 39|B 1
83|4.6,0.3,0|R 25|B 0
84|2.5,1.5,0|B 11
85|3.1,1.5,0|B 10
86|2.5,0.9,0|B 9
87|3.1,0.9,0|B 8